      1     C        1          4.268466                 -0.268466
       2     C        1          4.268435                 -0.268435
       3     C        1          4.268449                 -0.268449
       4     C        1          4.268461                 -0.268461
       5     H        2          0.826961                  0.173039
       6     H        2          0.830154                  0.169846
       7     H        2          0.814902                  0.185098
       8     H        2          0.826968                  0.173032
       9     H        2          0.830127                  0.169873
      10     H        2          0.814902                  0.185098
      11     H        2          0.826967                  0.173033
      12     H        2          0.830132                  0.169868
      13     H        2          0.814898                  0.185102
      14     H        2          0.826964                  0.173036
      15     H        2          0.830131                  0.169869
      16     H        2          0.814901                  0.185099
      17     O        3          6.261650                 -0.261650
      18     O        3          6.240492                 -0.240492
      19     O        3          6.261688                 -0.261688
      20     O        3          6.240498                 -0.240498
      21     O        3          6.261668                 -0.261668
      22     O        3          6.240524                 -0.240524
      23     O        3          6.261665                 -0.261665
      24     O        3          6.240496                 -0.240496
      25     N        4          4.757370                  0.242630
      26     N        4          4.757394                  0.242606
      27     N        4          4.757374                  0.242626
      28     N        4          4.757361                  0.242639

